
70.000000 35.000000 0.000000
69.938751 34.938751 0.122500
69.877663 34.877663 0.244676
69.816734 34.816734 0.366530
69.755966 34.755970 0.488062
69.695358 34.695362 0.609274
69.634911 34.634914 0.730167
69.574623 34.574627 0.850743
69.514496 34.514496 0.971001
69.454521 34.454525 1.090945
69.394707 34.394711 1.210574
69.335045 34.335052 1.329890
69.275543 34.275551 1.448895
69.216194 34.216206 1.567589
69.157005 34.157013 1.685973
69.097969 34.097977 1.804049
69.039085 34.039093 1.921818
68.980354 33.980362 2.039281
68.921776 33.921783 2.156440
68.863350 33.863358 2.273294
68.805077 33.805080 2.389846
68.746948 33.746956 2.506096
68.688972 33.688980 2.622046
68.631149 33.631153 2.737696
68.573471 33.573479 2.853049
68.515945 33.515949 2.968104
68.458565 33.458569 3.082864
68.401329 33.401337 3.197328
68.344246 33.344250 3.311499
68.287308 33.287312 3.425377
68.230515 33.230518 3.538964
68.173866 33.173870 3.652260
68.117363 33.117367 3.765266
68.061005 33.061008 3.877985
68.004791 33.004791 3.990415
67.948723 32.948719 4.102560
67.892792 32.892788 4.214419
67.837006 32.837002 4.325994
67.781357 32.781357 4.437285
67.725853 32.725853 4.548295
67.670486 32.670490 4.659023
67.615265 32.615265 4.769472
67.560181 32.560181 4.879641
67.505234 32.505234 4.989532
67.450424 32.450428 5.099145
67.395752 32.395760 5.208483
67.341217 32.341228 5.317546
67.286819 32.286835 5.426334
67.232559 32.232578 5.534850
67.178436 32.178455 5.643093
67.124451 32.124470 5.751065
67.070602 32.070618 5.858767
67.016884 32.016903 5.966200
66.963303 31.963322 6.073364
66.909851 31.909874 6.180261
66.856537 31.856558 6.286892
66.803352 31.803375 6.393257
66.750305 31.750324 6.499358
66.697388 31.697405 6.605195
66.644600 31.644617 6.710770
66.591942 31.591961 6.816082
66.539413 31.539434 6.921134
66.487015 31.487038 7.025927
66.434746 31.434771 7.130461
66.382607 31.382633 7.234736
66.330597 31.330624 7.338754
66.278717 31.278742 7.442516
66.226967 31.226988 7.546023
66.175339 31.175362 7.649276
66.123840 31.123861 7.752275
66.072464 31.072489 7.855021
66.021217 31.021242 7.957516
65.970093 30.970119 8.059760
65.919098 30.919123 8.161754
65.868225 30.868250 8.263498
65.817474 30.817501 8.364995
65.766853 30.766876 8.466244
65.716354 30.716375 8.567246
65.665977 30.665997 8.668003
65.615723 30.615740 8.768516
65.565590 30.565605 8.868784
65.515579 30.515593 8.968809
65.465691 30.465700 9.068592
65.415916 30.415930 9.168134
65.366264 30.366280 9.267435
65.316734 30.316750 9.366496
65.267326 30.267338 9.465319
65.218033 30.218046 9.563903
65.168861 30.168873 9.662250
65.119804 30.119818 9.760360
65.070869 30.070881 9.858234
65.022049 30.022060 9.955874
64.973343 29.973358 10.053280
64.924759 29.924772 10.150453
64.876289 29.876303 10.247393
64.827934 29.827950 10.344101
64.779694 29.779711 10.440578
64.731567 29.731586 10.536826
64.683556 29.683577 10.632844
64.635658 29.635681 10.728633
64.587875 29.587900 10.824195
64.540207 29.540234 10.919529
64.492653 29.492680 11.014637
64.445213 29.445238 11.109520
64.397881 29.397909 11.204178
64.350662 29.350693 11.298612
64.303558 29.303587 11.392822
64.256561 29.256594 11.486811
64.209679 29.209711 11.580577
64.162903 29.162939 11.674123
64.116241 29.116276 11.767448
64.069687 29.069723 11.860555
64.023247 29.023279 11.953442
63.976913 28.976944 12.046111
63.930687 28.930717 12.138563
63.884571 28.884600 12.230799
63.838562 28.838591 12.322818
63.792660 28.792688 12.414622
63.746864 28.746893 12.506212
63.701176 28.701204 12.597589
63.655594 28.655622 12.688751
63.610119 28.610147 12.779702
63.564751 28.564777 12.870441
63.519485 28.519514 12.960970
63.474327 28.474356 13.051288
63.429272 28.429302 13.141397
63.384323 28.384352 13.231297
63.339478 28.339506 13.320988
63.294735 28.294764 13.410472
63.250095 28.250124 13.499749
63.205559 28.205589 13.588820
63.161125 28.161156 13.677686
63.116795 28.116825 13.766347
63.072567 28.072598 13.854804
63.028439 28.028471 13.943057
62.984413 27.984446 14.031108
62.940491 27.940521 14.118957
62.896667 27.896698 14.206604
62.852943 27.852974 14.294050
62.809319 27.809351 14.381296
62.765797 27.765827 14.468343
62.722374 27.722403 14.555191
62.679050 27.679077 14.641841
62.635826 27.635851 14.728293
62.592697 27.592724 14.814548
62.549667 27.549694 14.900607
62.506737 27.506762 14.986470
62.463902 27.463928 15.072139
62.421165 27.421192 15.157613
62.378525 27.378551 15.242893
62.335979 27.336008 15.327980
62.293533 27.293560 15.412874
62.251183 27.251209 15.497577
62.208927 27.208954 15.582088
62.166767 27.166794 15.666408
62.124702 27.124729 15.750538
62.082733 27.082758 15.834478
62.040855 27.040882 15.918230
61.999073 26.999100 16.001793
61.957386 26.957413 16.085169
61.915791 26.915819 16.168358
61.874290 26.874317 16.251360
61.832882 26.832909 16.334177
61.791565 26.791594 16.416809
61.750343 26.750370 16.499256
61.709213 26.709238 16.581518
61.668175 26.668200 16.663597
61.627228 26.627253 16.745493
61.586372 26.586395 16.827206
61.545609 26.545630 16.908737
61.504932 26.504955 16.990088
61.464348 26.464371 17.071257
61.423855 26.423876 17.152246
61.383450 26.383471 17.233057
61.343136 26.343155 17.313688
61.302910 26.302929 17.394140
61.262772 26.262793 17.474415
61.222725 26.222744 17.554512
61.182766 26.182783 17.634432
61.142895 26.142912 17.714176
61.103111 26.103128 17.793745
61.063416 26.063433 17.873138
61.023808 26.023823 17.952356
60.984283 25.984301 18.031401
60.944847 25.944864 18.110271
60.905499 25.905516 18.188969
60.866234 25.866253 18.267494
60.827057 25.827076 18.345848
60.787964 25.787985 18.424030
60.748959 25.748980 18.502041
60.710037 25.710058 18.579882
60.671200 25.671223 18.657553
60.632450 25.632471 18.735054
60.593784 25.593805 18.812387
60.555202 25.555223 18.889553
60.516705 25.516726 18.966551
60.478291 25.478310 19.043381
60.439960 25.439978 19.120045
60.401711 25.401730 19.196543
60.363544 25.363564 19.272875
60.325462 25.325480 19.349041
60.287460 25.287479 19.425043
60.249542 25.249561 19.500881
60.211704 25.211725 19.576555
60.173950 25.173969 19.652065
60.136276 25.136295 19.727413
60.098682 25.098703 19.802599
60.061169 25.061192 19.877623
60.023739 25.023760 19.952486
59.986389 24.986408 20.027187
59.949120 24.949137 20.101728
59.911930 24.911945 20.176111
59.874817 24.874834 20.250334
59.837784 24.837803 20.324398
59.800831 24.800850 20.398304
59.763958 24.763977 20.472052
59.727161 24.727182 20.545641
59.690445 24.690466 20.619074
59.653805 24.653828 20.692350
59.617245 24.617268 20.765471
59.580761 24.580786 20.838436
59.544357 24.544380 20.911247
59.508030 24.508053 20.983904
59.471779 24.471802 21.056406
59.435604 24.435627 21.128754
59.399506 24.399530 21.200949
59.363483 24.363510 21.272991
59.327538 24.327566 21.344881
59.291668 24.291697 21.416618
59.255875 24.255903 21.488205
59.220158 24.220186 21.559641
59.184517 24.184544 21.630926
59.148949 24.148975 21.702061
59.113457 24.113483 21.773046
59.078037 24.078066 21.843884
59.042694 24.042723 21.914572
59.007423 24.007454 21.985111
58.972229 23.972258 22.055502
58.937107 23.937136 22.125746
58.902058 23.902088 22.195843
58.867081 23.867113 22.265793
58.832180 23.832211 22.335596
58.797352 23.797380 22.405254
58.762596 23.762625 22.474768
58.727913 23.727942 22.544136
58.693302 23.693329 22.613359
58.658764 23.658789 22.682440
58.624294 23.624321 22.751375
58.589897 23.589924 22.820168
58.555573 23.555599 22.888817
58.521320 23.521345 22.957325
58.487137 23.487162 23.025690
58.453026 23.453049 23.093914
58.418983 23.419006 23.161997
58.385014 23.385035 23.229939
58.351112 23.351133 23.297741
58.317280 23.317303 23.365404
58.283520 23.283541 23.432926
58.249828 23.249849 23.500309
58.216206 23.216227 23.567554
58.182652 23.182673 23.634661
58.149166 23.149189 23.701630
58.115749 23.115774 23.768461
58.082401 23.082428 23.835155
58.049122 23.049149 23.901712
58.015911 23.015938 23.968134
57.982769 22.982796 24.034420
57.949696 22.949720 24.100569
57.916687 22.916714 24.166584
57.883747 22.883774 24.232464
57.850876 22.850901 24.298208
57.818069 22.818094 24.363819
57.785332 22.785355 24.429296
57.752659 22.752682 24.494640
57.720055 22.720076 24.559853
57.687515 22.687536 24.624931
57.655041 22.655064 24.689878
57.622635 22.622656 24.754694
57.590294 22.590315 24.819378
57.558018 22.558039 24.883930
57.525806 22.525827 24.948353
57.493660 22.493681 25.012644
57.461578 22.461599 25.076805
57.429562 22.429583 25.140837
57.397610 22.397631 25.204741
57.365723 22.365744 25.268515
57.333900 22.333921 25.332161
57.302143 22.302162 25.395679
57.270447 22.270468 25.459070
57.238815 22.238836 25.522333
57.207249 22.207268 25.585468
57.175743 22.175764 25.648478
57.144302 22.144323 25.711361
57.112923 22.112946 25.774118
57.081608 22.081631 25.836750
57.050354 22.050377 25.899256
57.019165 22.019186 25.961637
56.988037 21.988058 26.023893
56.956970 21.956991 26.086025
56.925964 21.925987 26.148033
56.895023 21.895044 26.209919
56.864143 21.864164 26.271681
56.833324 21.833345 26.333321
56.802567 21.802588 26.394836
56.771870 21.771891 26.456230
56.741234 21.741255 26.517502
56.710659 21.710680 26.578653
56.680145 21.680164 26.639683
56.649693 21.649710 26.700592
56.619297 21.619316 26.761381
56.588963 21.588982 26.822050
56.558689 21.558708 26.882599
56.528473 21.528494 26.943027
56.498318 21.498339 27.003338
56.468224 21.468243 27.063528
56.438187 21.438206 27.123600
56.408211 21.408228 27.183554
56.378292 21.378309 27.243389
56.348434 21.348450 27.303108
56.318634 21.318649 27.362709
56.288891 21.288906 27.422194
56.259209 21.259222 27.481562
56.229584 21.229597 27.540813
56.200016 21.200029 27.599949
56.170506 21.170519 27.658970
56.141052 21.141066 27.717875
56.111656 21.111671 27.776665
56.082317 21.082335 27.835340
56.053036 21.053055 27.893902
56.023811 21.023832 27.952349
55.994644 20.994665 28.010681
55.965534 20.965555 28.068901
55.936481 20.936502 28.127007
55.907486 20.907505 28.184999
55.878544 20.878565 28.242880
55.849659 20.849680 28.300648
55.820831 20.820852 28.358305
55.792061 20.792080 28.415850
55.763344 20.763363 28.473284
55.734684 20.734701 28.530605
55.706078 20.706095 28.587816
55.677528 20.677544 28.644917
55.649033 20.649048 28.701908
55.620594 20.620607 28.758789
55.592209 20.592222 28.815561
55.563877 20.563890 28.872223
55.535599 20.535614 28.928776
55.507378 20.507391 28.985220
55.479210 20.479223 29.041555
55.451096 20.451109 29.097784
55.423035 20.423050 29.153904
55.395027 20.395044 29.209917
55.367073 20.367092 29.265821
55.339172 20.339193 29.321619
55.311325 20.311348 29.377310
55.283531 20.283556 29.432894
55.255791 20.255817 29.488373
55.228104 20.228130 29.543745
55.200470 20.200497 29.599012
55.172890 20.172916 29.654175
55.145363 20.145388 29.709232
55.117886 20.117912 29.764185
55.090462 20.090488 29.819033
55.063091 20.063116 29.873775
55.035770 20.035797 29.928415
55.008503 20.008530 29.982950
54.981285 19.981314 30.037382
54.954121 19.954149 30.091711
54.927006 19.927036 30.145937
54.899944 19.899975 30.200060
54.872932 19.872965 30.254082
54.845974 19.846004 30.308001
54.819065 19.819096 30.361818
54.792206 19.792238 30.415535
54.765400 19.765430 30.469151
54.738644 19.738674 30.522665
54.711937 19.711967 30.576078
54.685280 19.685310 30.629391
54.658672 19.658705 30.682604
54.632114 19.632149 30.735716
54.605610 19.605642 30.788729
54.579155 19.579185 30.841642
54.552750 19.552778 30.894457
54.526394 19.526421 30.947172
54.500084 19.500113 30.999788
54.473824 19.473854 31.052307
54.447613 19.447643 31.104727
54.421452 19.421482 31.157049
54.395340 19.395370 31.209272
54.369278 19.369307 31.261398
54.343262 19.343292 31.313427
54.317295 19.317326 31.365360
54.291378 19.291409 31.417196
54.265507 19.265539 31.468935
54.239685 19.239717 31.520578
54.213913 19.213943 31.572126
54.188187 19.188217 31.623579
54.162510 19.162539 31.674934
54.136879 19.136908 31.726196
54.111298 19.111324 31.777363
54.085762 19.085789 31.828434
54.060272 19.060301 31.879412
54.034832 19.034859 31.930294
54.009438 19.009464 31.981083
53.984089 18.984118 32.031776
53.958790 18.958817 32.082378
53.933537 18.933563 32.132885
53.908329 18.908356 32.183300
53.883167 18.883194 32.233624
53.858051 18.858080 32.283852
53.832981 18.833012 32.333988
53.807957 18.807989 32.384033
53.782982 18.783012 32.433987
53.758053 18.758081 32.483849
53.733170 18.733196 32.533619
53.708328 18.708357 32.583298
53.683533 18.683563 32.632885
53.658783 18.658815 32.682381
53.634079 18.634111 32.731789
53.609421 18.609453 32.781105
53.584808 18.584841 32.830330
53.560242 18.560272 32.879467
53.535717 18.535749 32.928513
53.511238 18.511271 32.977470
53.486805 18.486835 33.026340
53.462414 18.462446 33.075119
53.438068 18.438101 33.123810
53.413769 18.413799 33.172413
53.389511 18.389542 33.220928
53.365299 18.365328 33.269356
53.341129 18.341158 33.317696
53.317005 18.317032 33.365948
53.292923 18.292950 33.414112
53.268887 18.268911 33.462189
53.244892 18.244917 33.510178
53.220940 18.220966 33.558079
53.197033 18.197058 33.605896
53.173168 18.173193 33.653625
53.149345 18.149372 33.701267
53.125568 18.125593 33.748825
53.101833 18.101858 33.796295
53.078140 18.078165 33.843681
53.054489 18.054514 33.890984
53.030880 18.030907 33.938198
53.007313 18.007341 33.985329
52.983791 17.983818 34.032375
52.960312 17.960337 34.079338
52.936874 17.936897 34.126217
52.913479 17.913500 34.173012
52.890125 17.890144 34.219723
52.866814 17.866831 34.266350
52.843544 17.843559 34.312893
52.820313 17.820330 34.359352
52.797123 17.797142 34.405727
52.773975 17.773994 34.452023
52.750870 17.750889 34.498234
52.727806 17.727825 34.544361
52.704784 17.704802 34.590408
52.681801 17.681820 34.636372
52.658859 17.658878 34.682255
52.635960 17.635977 34.728058
52.613098 17.613117 34.773777
52.590279 17.590298 34.819416
52.567501 17.567518 34.864975
52.544762 17.544781 34.910450
52.522064 17.522083 34.955845
52.499405 17.499426 35.001160
52.476788 17.476809 35.046394
52.454208 17.454231 35.091549
52.431671 17.431694 35.136623
52.409172 17.409197 35.181618
52.386715 17.386738 35.226536
52.364296 17.364319 35.271374
52.341915 17.341940 35.316132
52.319576 17.319601 35.360809
52.297276 17.297300 35.405411
52.275013 17.275040 35.449932
52.252792 17.252817 35.494377
52.230610 17.230635 35.538742
52.208466 17.208490 35.583031
52.186359 17.186386 35.627239
52.164295 17.164320 35.671371
52.142269 17.142292 35.715427
52.120281 17.120304 35.759403
52.098331 17.098354 35.803303
52.076420 17.076443 35.847126
52.054546 17.054569 35.890873
52.032711 17.032734 35.934544
52.010914 17.010937 35.978138
51.989155 16.989178 36.021656
51.967434 16.967457 36.065098
51.945751 16.945774 36.108463
51.924107 16.924129 36.151752
51.902500 16.902521 36.194969
51.880932 16.880951 36.238110
51.859398 16.859419 36.281174
51.837902 16.837923 36.324165
51.816444 16.816465 36.367081
51.795025 16.795044 36.409924
51.773640 16.773661 36.452690
51.752293 16.752314 36.495384
51.730984 16.731005 36.538002
51.709713 16.709732 36.580547
51.688477 16.688496 36.623020
51.667278 16.667297 36.665417
51.646114 16.646135 36.707741
51.624989 16.625010 36.749992
51.603901 16.603920 36.792171
51.582848 16.582867 36.834278
51.561832 16.561850 36.876312
51.540852 16.540869 36.918274
51.519909 16.519924 36.960163
51.499001 16.499016 37.001980
51.478130 16.478144 37.043724
51.457294 16.457308 37.085396
51.436493 16.436508 37.126995
51.415730 16.415743 37.168526
51.395000 16.395014 37.209984
51.374306 16.374321 37.251369
51.353649 16.353662 37.292686
51.333027 16.333040 37.333931
51.312439 16.312452 37.375107
51.291885 16.291901 37.416210
51.271370 16.271383 37.457245
51.250889 16.250902 37.498207
51.230442 16.230455 37.539101
51.210030 16.210043 37.579926
51.189651 16.189667 37.620678
51.169308 16.169325 37.661362
51.148998 16.149017 37.701977
51.128727 16.128744 37.742523
51.108490 16.108505 37.783001
51.088287 16.088301 37.823410
51.068119 16.068130 37.863750
51.047985 16.047995 37.904022
51.027885 16.027893 37.944225
51.007816 16.007826 37.984360
50.987782 15.987793 38.024426
50.967781 15.967793 38.064423
50.947815 15.947828 38.104355
50.927883 15.927896 38.144218
50.907986 15.907999 38.184013
50.888123 15.888135 38.223743
50.868294 15.868304 38.263405
50.848495 15.848507 38.302998
50.828732 15.828743 38.342525
50.809002 15.809012 38.381985
50.789307 15.789315 38.421379
50.769642 15.769651 38.460709
50.750011 15.750021 38.499969
50.730415 15.730423 38.539165
50.710850 15.710858 38.578297
50.691319 15.691326 38.617359
50.671818 15.671827 38.656357
50.652351 15.652361 38.695290
50.632919 15.632927 38.734158
50.613518 15.613525 38.772961
50.594151 15.594156 38.811699
50.574814 15.574821 38.850372
50.555511 15.555516 38.888981
50.536240 15.536244 38.927525
50.517002 15.517005 38.966003
50.497795 15.497798 39.004417
50.478619 15.478622 39.042767
50.459476 15.459479 39.081051
50.440365 15.440369 39.119274
50.421284 15.421289 39.157433
50.402237 15.402242 39.195526
50.383221 15.383226 39.233559
50.364235 15.364243 39.271526
50.345284 15.345290 39.309433
50.326363 15.326369 39.347275
50.307472 15.307480 39.385056
50.288612 15.288622 39.422771
50.269787 15.269795 39.460426
50.250992 15.250999 39.498016
50.232227 15.232235 39.535545
50.213493 15.213502 39.573013
50.194790 15.194799 39.610416
50.176117 15.176128 39.647758
50.157478 15.157488 39.685040
50.138870 15.138878 39.722260
50.120293 15.120299 39.759418
50.101746 15.101751 39.796516
50.083229 15.083234 39.833553
50.064743 15.064747 39.870529
50.046288 15.046290 39.907444
50.027863 15.027864 39.944298
50.009468 15.009469 39.981091
49.991104 14.991103 40.017822
49.972767 14.972768 40.054493
49.954460 14.954463 40.091103
49.936184 14.936188 40.127651
49.917938 14.917943 40.164143
49.899723 14.899728 40.200573
49.881538 14.881542 40.236942
49.863384 14.863387 40.273254
49.845257 14.845262 40.309505
49.827160 14.827166 40.345699
49.809093 14.809099 40.381832
49.791058 14.791062 40.417908
49.773048 14.773055 40.453922
49.755070 14.755077 40.489880
49.737122 14.737129 40.525776
49.719204 14.719210 40.561615
49.701313 14.701320 40.597397
49.683453 14.683458 40.633118
49.665623 14.665627 40.668781
49.647820 14.647823 40.704388
49.630047 14.630050 40.739937
49.612301 14.612305 40.775425
49.594585 14.594588 40.810856
49.576897 14.576901 40.846230
49.559238 14.559243 40.881546
49.541607 14.541614 40.916805
49.524006 14.524013 40.952007
49.506432 14.506440 40.987152
49.488888 14.488896 41.022240
49.471371 14.471380 41.057270
49.453884 14.453893 41.092243
49.436424 14.436434 41.127163
49.418995 14.419003 41.162025
49.401592 14.401600 41.196831
49.384216 14.384225 41.231579
49.366871 14.366879 41.266273
49.349552 14.349560 41.300911
49.332260 14.332269 41.335491
49.314999 14.315006 41.370018
49.297764 14.297771 41.404488
49.280556 14.280564 41.438904
49.263378 14.263385 41.473263
49.246227 14.246233 41.507565
49.229103 14.229109 41.541813
49.212006 14.212012 41.576008
49.194935 14.194943 41.610146
49.177895 14.177901 41.644230
49.160881 14.160887 41.678261
49.143894 14.143900 41.712234
49.126934 14.126940 41.746155
49.110001 14.110007 41.780022
49.093094 14.093102 41.813831
49.076214 14.076222 41.847588
49.059361 14.059371 41.881290
49.042534 14.042546 41.914940
49.025738 14.025748 41.948536
49.008968 14.008977 41.982079
48.992226 13.992232 42.015568
48.975510 13.975514 42.049004
48.958820 13.958823 42.082386
48.942158 13.942159 42.115715
48.925518 13.925521 42.148991
48.908905 13.908910 42.182213
48.892319 13.892324 42.215382
48.875759 13.875766 42.248497
48.859226 13.859234 42.281563
48.842720 13.842728 42.314575
48.826241 13.826248 42.347534
48.809788 13.809794 42.380440
48.793362 13.793366 42.413296
48.776958 13.776965 42.446098
48.760582 13.760590 42.478848
48.744232 13.744240 42.511547
48.727909 13.727916 42.544193
48.711613 13.711617 42.576790
48.695339 13.695345 42.609333
48.679092 13.679098 42.641827
48.662872 13.662877 42.674267
48.646679 13.646682 42.706657
48.630508 13.630512 42.738998
48.614365 13.614368 42.771286
48.598248 13.598249 42.803524
48.582153 13.582156 42.835709
48.566086 13.566089 42.867844
48.550045 13.550046 42.899929
48.534027 13.534029 42.931965
48.518036 13.518037 42.963951
48.502068 13.502069 42.995884
48.486126 13.486128 43.027767
48.470207 13.470211 43.059601
48.454315 13.454319 43.091385
48.438450 13.438452 43.123119
48.422607 13.422609 43.154804
48.406792 13.406792 43.186440
48.390999 13.390999 43.218025
48.375233 13.375231 43.249561
48.359489 13.359488 43.281048
48.343769 13.343769 43.312485
48.328075 13.328075 43.343872
48.312405 13.312406 43.375210
48.296761 13.296761 43.406502
48.281139 13.281140 43.437744
48.265545 13.265544 43.468937
48.249973 13.249972 43.500080
48.234425 13.234425 43.531178
48.218903 13.218901 43.562225
48.203403 13.203402 43.593224
48.187927 13.187926 43.624176
48.172478 13.172475 43.655079
48.157051 13.157047 43.685932
48.141647 13.141644 43.716740
48.126266 13.126266 43.747498
48.110912 13.110910 43.778210
48.095581 13.095579 43.808872
48.080273 13.080272 43.839489
48.064987 13.064987 43.870056
48.049728 13.049726 43.900578
48.034492 13.034490 43.931053
48.019279 13.019277 43.961479
48.004089 13.004086 43.991859
47.988922 12.988920 44.022194
47.973778 12.973778 44.052479
47.958660 12.958658 44.082718
47.943565 12.943563 44.112911
47.928493 12.928490 44.143059
47.913445 12.913440 44.173157
47.898418 12.898414 44.203209
47.883415 12.883410 44.233215
47.868435 12.868430 44.263176
47.853477 12.853473 44.293091
47.838543 12.838538 44.322960
47.823631 12.823627 44.352783
47.808743 12.808739 44.382561
47.793877 12.793873 44.412292
47.779034 12.779030 44.441978
47.764214 12.764210 44.471619
47.749416 12.749413 44.501213
47.734642 12.734638 44.530762
47.719891 12.719887 44.560265
47.705162 12.705157 44.589722
47.690456 12.690451 44.619137
47.675774 12.675767 44.648506
47.661114 12.661105 44.677830
47.646473 12.646466 44.707108
47.631855 12.631849 44.736340
47.617260 12.617254 44.765530
47.602688 12.602682 44.794674
47.588139 12.588132 44.823772
47.573612 12.573604 44.852829
47.559105 12.559098 44.881840
47.544621 12.544615 44.910809
47.530159 12.530153 44.939732
47.515720 12.515714 44.968613
47.501305 12.501296 44.997448
47.486908 12.486900 45.026241
47.472534 12.472527 45.054989
47.458183 12.458175 45.083694
47.443851 12.443845 45.112354
47.429543 12.429536 45.140972
47.415257 12.415249 45.169544
47.400990 12.400984 45.198074
47.386745 12.386741 45.226563
47.372524 12.372519 45.255005
47.358322 12.358318 45.283405
47.344143 12.344139 45.311764
47.329987 12.329982 45.340080
47.315849 12.315845 45.368351
47.301735 12.301731 45.396580
47.287643 12.287638 45.424767
47.273571 12.273565 45.452911
47.259521 12.259515 45.481014
47.245491 12.245485 45.509075
47.231483 12.231477 45.537090
47.217495 12.217489 45.565063
47.203529 12.203523 45.592995
47.189583 12.189577 45.620884
47.175659 12.175653 45.648731
47.161755 12.161749 45.676537
47.147873 12.147866 45.704300
47.134010 12.134005 45.732021
47.120171 12.120164 45.759705
47.106350 12.106344 45.787346
47.092552 12.092545 45.814945
47.078773 12.078766 45.842503
47.065014 12.065008 45.870018
47.051277 12.051270 45.897491
47.037560 12.037554 45.924927
47.023865 12.023858 45.952320
47.010189 12.010182 45.979671
46.996532 11.996527 46.006981
46.982899 11.982892 46.034252
46.969284 11.969277 46.061481
46.955688 11.955684 46.088669
46.942116 11.942110 46.115818
46.928562 11.928556 46.142925
46.915028 11.915023 46.169991
46.901516 11.901509 46.197018
46.888023 11.888017 46.224003
46.874550 11.874544 46.250950
46.861095 11.861092 46.277855
46.847664 11.847659 46.304722
46.834251 11.834247 46.331547
46.820858 11.820854 46.358334
46.807484 11.807481 46.385078
46.794132 11.794127 46.411785
46.780800 11.780794 46.438450
46.767487 11.767481 46.465076
46.754192 11.754188 46.491665
46.740917 11.740913 46.518211
46.727661 11.727659 46.544720
46.714428 11.714424 46.571190
46.701214 11.701209 46.597622
46.688019 11.688013 46.624012
46.674843 11.674837 46.650364
46.661686 11.661680 46.676678
46.648548 11.648543 46.702953
46.635429 11.635426 46.729187
46.622330 11.622327 46.755383
46.609249 11.609248 46.781540
46.596188 11.596189 46.807659
46.583149 11.583148 46.833740
46.570129 11.570127 46.859783
46.557129 11.557124 46.885788
46.544147 11.544142 46.911755
46.531185 11.531178 46.937683
46.518242 11.518234 46.963573
46.505318 11.505309 46.989426
46.492413 11.492402 47.015240
46.479527 11.479514 47.041016
46.466660 11.466645 47.066753
46.453812 11.453795 47.092453
46.440979 11.440965 47.118114
46.428165 11.428153 47.143738
46.415371 11.415359 47.169323
46.402596 11.402585 47.194874
46.389839 11.389830 47.220387
46.377102 11.377092 47.245861
46.364384 11.364374 47.271297
46.351685 11.351674 47.296696
46.339005 11.338993 47.322060
46.326344 11.326330 47.347385
46.313698 11.313686 47.372673
46.301071 11.301061 47.397926
46.288464 11.288453 47.423141
46.275875 11.275865 47.448318
46.263306 11.263294 47.473461
46.250755 11.250742 47.498566
46.238220 11.238208 47.523632
46.225704 11.225692 47.548664
46.213207 11.213195 47.573658
46.200729 11.200716 47.598618
46.188267 11.188255 47.623539
46.175823 11.175813 47.648426
46.163399 11.163388 47.673275
46.150993 11.150982 47.698090
46.138603 11.138593 47.722866
46.126232 11.126222 47.747608
46.113880 11.113869 47.772312
46.101543 11.101534 47.796982
46.089226 11.089217 47.821617
46.076927 11.076918 47.846214
46.064648 11.064636 47.870777
46.052383 11.052373 47.895306
46.040138 11.040127 47.919796
46.027908 11.027899 47.944252
46.015697 11.015689 47.968674
46.003506 11.003496 47.993057
45.991329 10.991322 48.017406
45.979172 10.979164 48.041721
45.967033 10.967024 48.066002
45.954910 10.954902 48.090248
45.942806 10.942797 48.114456
45.930717 10.930709 48.138630
45.918648 10.918639 48.162769
45.906593 10.906587 48.186874
45.894558 10.894551 48.210945
45.882542 10.882533 48.234982
45.870541 10.870532 48.258984
45.858559 10.858549 48.282951
45.846592 10.846583 48.306885
45.834644 10.834635 48.330784
45.822712 10.822703 48.354649
45.810799 10.810789 48.378479
45.798901 10.798892 48.402275
45.787022 10.787011 48.426037
45.775158 10.775147 48.449764
45.763313 10.763301 48.473457
45.751484 10.751472 48.497116
45.739670 10.739659 48.520741
45.727875 10.727864 48.544331
45.716095 10.716085 48.567886
45.704334 10.704324 48.591412
45.692589 10.692579 48.614902
45.680862 10.680851 48.638359
45.669151 10.669140 48.661781
45.657455 10.657445 48.685169
45.645779 10.645767 48.708527
45.634117 10.634106 48.731850
45.622471 10.622461 48.755138
45.610844 10.610833 48.778393
45.599232 10.599222 48.801617
45.587635 10.587627 48.824806
45.576057 10.576049 48.847961
45.564495 10.564487 48.871086
45.552948 10.552941 48.894176
45.541420 10.541412 48.917236
45.529907 10.529900 48.940262
45.518410 10.518403 48.963253
45.506931 10.506923 48.986214
45.495468 10.495460 49.009140
45.484020 10.484013 49.032036
45.472588 10.472582 49.054897
45.461174 10.461167 49.077728
45.449776 10.449769 49.100525
45.438393 10.438387 49.123291
45.427025 10.427021 49.146023
45.415676 10.415670 49.168724
45.404343 10.404336 49.191391
45.393024 10.393018 49.214027
45.381721 10.381716 49.236633
45.370434 10.370430 49.259205
45.359165 10.359159 49.281746
45.347912 10.347905 49.304253
45.336674 10.336667 49.326729
45.325451 10.325444 49.349174
45.314243 10.314238 49.371590
45.303051 10.303047 49.393970
45.291878 10.291872 49.416321
45.280720 10.280713 49.438641
45.269577 10.269569 49.460926
45.258450 10.258442 49.483181
45.247337 10.247330 49.505405
45.236240 10.236233 49.527599
45.225159 10.225152 49.549763
45.214092 10.214087 49.571892
45.203041 10.203036 49.593990
45.192005 10.192002 49.616058
45.180984 10.180984 49.638096
45.169983 10.169980 49.660103
45.158997 10.158992 49.682079
45.148026 10.148020 49.704025
45.137070 10.137063 49.725941
45.126129 10.126122 49.747826
45.115204 10.115195 49.769680
45.104294 10.104284 49.791504
45.093399 10.093389 49.813297
45.082520 10.082508 49.835060
45.071655 10.071643 49.856792
45.060806 10.060793 49.878494
45.049973 10.049958 49.900166
45.039154 10.039139 49.921806
45.028351 10.028335 49.943417
45.017563 10.017545 49.964996
45.006790 10.006770 49.986546
44.996029 9.996011 50.008064
44.985283 9.985267 50.029552
44.974552 9.974537 50.051010
44.963837 9.963822 50.072437
44.953136 9.953123 50.093838
44.942451 9.942438 50.115208
44.931782 9.931768 50.136547
44.921127 9.921113 50.157856
44.910488 9.910473 50.179134
44.899864 9.899848 50.200386
44.889256 9.889237 50.221607
44.878658 9.878642 50.242798
44.868076 9.868061 50.263962
44.857510 9.857494 50.285095
44.846958 9.846943 50.306198
44.836422 9.836406 50.327271
44.825901