
60.000000 35.000000 0.000000
59.947498 34.947498 0.105000
59.895123 34.895123 0.209749
59.842873 34.842873 0.314247
59.790749 34.790749 0.418495
59.738750 34.738750 0.522495
59.686874 34.686874 0.626247
59.635120 34.635120 0.729752
59.583492 34.583492 0.833011
59.531986 34.531986 0.936025
59.480602 34.480602 1.038794
59.429340 34.429340 1.141320
59.378201 34.378201 1.243603
59.327179 34.327179 1.345643
59.276279 34.276279 1.447443
59.225498 34.225498 1.549003
59.174839 34.174839 1.650323
59.124298 34.124298 1.751404
59.073875 34.073875 1.852248
59.023571 34.023571 1.952855
58.973385 33.973385 2.053226
58.923317 33.923317 2.153361
58.873367 33.873367 2.253262
58.823532 33.823532 2.352928
58.773815 33.773815 2.452362
58.724213 33.724213 2.551564
58.674728 33.674728 2.650534
58.625359 33.625359 2.749274
58.576103 33.576103 2.847784
58.526962 33.526962 2.946065
58.477936 33.477936 3.044118
58.429024 33.429024 3.141943
58.380226 33.380226 3.239541
58.331539 33.331539 3.336914
58.282967 33.282967 3.434061
58.234505 33.234505 3.530984
58.186153 33.186153 3.627683
58.137917 33.137917 3.724159
58.089790 33.089790 3.820413
58.041775 33.041775 3.916446
57.993870 32.993870 4.012258
57.946075 32.946075 4.107850
57.898388 32.898388 4.203222
57.850811 32.850811 4.298377
57.803345 32.803345 4.393313
57.755985 32.755985 4.488032
57.708733 32.708733 4.582535
57.661591 32.661591 4.676823
57.614555 32.614555 4.770895
57.567627 32.567627 4.864753
57.520805 32.520805 4.958398
57.474091 32.474091 5.051830
57.427479 32.427479 5.145050
57.380974 32.380974 5.238058
57.334576 32.334576 5.330856
57.288280 32.288280 5.423444
57.242092 32.242092 5.515822
57.196007 32.196007 5.607992
57.150024 32.150024 5.699954
57.104149 32.104149 5.791709
57.058376 32.058376 5.883257
57.012707 32.012707 5.974599
56.967136 31.967138 6.065736
56.921669 31.921673 6.156669
56.876305 31.876308 6.247397
56.831043 31.831045 6.337923
56.785881 31.785883 6.428246
56.740822 31.740822 6.518367
56.695862 31.695862 6.608286
56.651001 31.651003 6.698005
56.606243 31.606243 6.787524
56.561584 31.561583 6.876844
56.517025 31.517021 6.965965
56.472565 31.472559 7.054888
56.428204 31.428196 7.143614
56.383938 31.383932 7.232143
56.339771 31.339766 7.320476
56.295704 31.295696 7.408613
56.251732 31.251724 7.496555
56.207859 31.207850 7.584303
56.164082 31.164072 7.671858
56.120399 31.120392 7.759220
56.076817 31.076807 7.846389
56.033329 31.033318 7.933366
55.989937 30.989923 8.020153
55.946640 30.946625 8.106749
55.903439 30.903421 8.193154
55.860329 30.860313 8.279371
55.817314 30.817299 8.365399
55.774395 30.774380 8.451239
55.731567 30.731554 8.536891
55.688835 30.688822 8.622356
55.646194 30.646183 8.707635
55.603649 30.603636 8.792728
55.561195 30.561182 8.877636
55.518833 30.518820 8.962359
55.476563 30.476551 9.046899
55.434383 30.434374 9.131254
55.392296 30.392288 9.215427
55.350300 30.350292 9.299418
55.308395 30.308388 9.383227
55.266582 30.266573 9.466855
55.224857 30.224850 9.550303
55.183224 30.183216 9.633570
55.141682 30.141672 9.716658
55.100227 30.100218 9.799566
55.058861 30.058853 9.882297
55.017586 30.017576 9.964849
54.976398 29.976389 10.047225
54.935299 29.935289 10.129424
54.894287 29.894278 10.211447
54.853363 29.853354 10.293294
54.812527 29.812517 10.374966
54.771778 29.771769 10.456463
54.731117 29.731108 10.537786
54.690540 29.690533 10.618937
54.650051 29.650043 10.699914
54.609650 29.609640 10.780719
54.569332 29.569324 10.861352
54.529102 29.529093 10.941813
54.488956 29.488947 11.022104
54.448895 29.448887 11.102225
54.408920 29.408911 11.182177
54.369030 29.369020 11.261958
54.329224 29.329214 11.341571
54.289501 29.289492 11.421016
54.249863 29.249853 11.500293
54.210308 29.210299 11.579403
54.170837 29.170826 11.658346
54.131451 29.131437 11.737123
54.092144 29.092131 11.815735
54.052921 29.052908 11.894181
54.013779 29.013767 11.972463
53.974720 28.974709 12.050580
53.935741 28.935732 12.128534
53.896847 28.896837 12.206326
53.858032 28.858023 12.283954
53.819298 28.819290 12.361420
53.780647 28.780638 12.438725
53.742077 28.742065 12.515868
53.703587 28.703573 12.592851
53.665176 28.665161 12.669673
53.626846 28.626829 12.746336
53.588596 28.588577 12.822840
53.550423 28.550406 12.899184
53.512329 28.512312 12.975370
53.474316 28.474298 13.051399
53.436378 28.436363 13.127271
53.398521 28.398506 13.202985
53.360741 28.360727 13.278543
53.323040 28.323027 13.353945
53.285416 28.285404 13.429192
53.247871 28.247858 13.504283
53.210403 28.210390 13.579220
53.173012 28.172998 13.654002
53.135696 28.135683 13.728631
53.098457 28.098446 13.803107
53.061295 28.061285 13.877430
53.024208 28.024200 13.951601
52.987198 27.987190 14.025620
52.950264 27.950256 14.099488
52.913406 27.913399 14.173205
52.876625 27.876616 14.246772
52.839916 27.839907 14.320188
52.803284 27.803274 14.393455
52.766724 27.766716 14.466572
52.730240 27.730232 14.539540
52.693829 27.693823 14.612361
52.657494 27.657486 14.685034
52.621231 27.621223 14.757559
52.585041 27.585035 14.829937
52.548923 27.548920 14.902168
52.512882 27.512877 14.974254
52.476913 27.476906 15.046193
52.441017 27.441010 15.117988
52.405193 27.405186 15.189637
52.369442 27.369432 15.261142
52.333763 27.333752 15.332502
52.298153 27.298143 15.403720
52.262615 27.262606 15.474794
52.227150 27.227140 15.545726
52.191757 27.191746 15.616515
52.156433 27.156422 15.687162
52.121181 27.121168 15.757668
52.085999 27.085985 15.828032
52.050888 27.050873 15.898255
52.015846 27.015831 15.968338
51.980873 26.980860 16.038280
51.945972 26.945957 16.108084
51.911140 26.911125 16.177748
51.876377 26.876362 16.247274
51.841682 26.841667 16.316662
51.807056 26.807043 16.385912
51.772499 26.772488 16.455025
51.738010 26.738001 16.524000
51.703590 26.703583 16.592838
51.669239 26.669231 16.661539
51.634956 26.634949 16.730104
51.600742 26.600733 16.798534
51.566593 26.566586 16.866829
51.532513 26.532505 16.934990
51.498501 26.498491 17.003016
51.464554 26.464546 17.070908
51.430676 26.430668 17.138666
51.396862 26.396856 17.206291
51.363117 26.363110 17.273783
51.329437 26.329430 17.341143
51.295822 26.295816 17.408369
51.262276 26.262268 17.475464
51.228794 26.228786 17.542427
51.195377 26.195370 17.609261
51.162025 26.162018 17.675962
51.128738 26.128733 17.742535
51.095516 26.095512 17.808977
51.062359 26.062357 17.875290
51.029266 26.029266 17.941473
50.996239 25.996239 18.007526
50.963276 25.963276 18.073452
50.930378 25.930378 18.139250
50.897545 25.897543 18.204920
50.864773 25.864773 18.270462
50.832066 25.832066 18.335876
50.799423 25.799421 18.401165
50.766842 25.766840 18.466328
50.734325 25.734322 18.531363
50.701870 25.701866 18.596273
50.669479 25.669474 18.661058
50.637150 25.637144 18.725718
50.604881 25.604877 18.790253
50.572678 25.572672 18.854664
50.540535 25.540529 18.918951
50.508453 25.508448 18.983114
50.476433 25.476427 19.047153
50.444473 25.444469 19.111071
50.412575 25.412573 19.174866
50.380737 25.380737 19.238539
50.348961 25.348963 19.302090
50.317245 25.317249 19.365519
50.285591 25.285595 19.428825
50.253998 25.254002 19.492012
50.222466 25.222469 19.555079
50.190994 25.190996 19.618025
50.159580 25.159584 19.680851
50.128227 25.128231 19.743557
50.096935 25.096937 19.806145
50.065701 25.065702 19.868612
50.034527 25.034529 19.930962
50.003410 25.003414 19.993193
49.972355 24.972357 20.055305
49.941357 24.941359 20.117300
49.910419 24.910419 20.179178
49.879539 24.879539 20.240938
49.848717 24.848717 20.302582
49.817951 24.817953 20.364109
49.787247 24.787247 20.425520
49.756599 24.756599 20.486816
49.726009 24.726009 20.547997
49.695477 24.695477 20.609062
49.665001 24.665001 20.670013
49.634583 24.634583 20.730850
49.604221 24.604221 20.791573
49.573917 24.573917 20.852180
49.543671 24.543671 20.912674
49.513481 24.513481 20.973055
49.483349 24.483347 21.033323
49.453270 24.453270 21.093479
49.423248 24.423248 21.153522
49.393284 24.393284 21.213453
49.363373 24.363375 21.273272
49.333519 24.333521 21.332979
49.303722 24.303722 21.392576
49.273979 24.273979 21.452061
49.244293 24.244291 21.511435
49.214661 24.214659 21.570700
49.185085 24.185081 21.629854
49.155563 24.155560 21.688898
49.126095 24.126091 21.747833
49.096684 24.096678 21.806660
49.067326 24.067320 21.865377
49.038021 24.038015 21.923986
49.008770 24.008764 21.982487
48.979572 23.979568 22.040878
48.950432 23.950426 22.099163
48.921345 23.921337 22.157341
48.892311 23.892302 22.215410
48.863331 23.863319 22.273373
48.834404 23.834391 22.331230
48.805531 23.805515 22.388981
48.776707 23.776693 22.446625
48.747936 23.747925 22.504164
48.719219 23.719208 22.561596
48.690556 23.690544 22.618923
48.661945 23.661932 22.676146
48.633385 23.633373 22.733263
48.604877 23.604866 22.790277
48.576424 23.576410 22.847187
48.548019 23.548008 22.903994
48.519669 23.519657 22.960695
48.491367 23.491358 23.017294
48.463120 23.463110 23.073790
48.434921 23.434914 23.130182
48.406776 23.406769 23.186474
48.378681 23.378674 23.242662
48.350639 23.350630 23.298750
48.322647 23.322638 23.354734
48.294704 23.294695 23.410618
48.266815 23.266804 23.466400
48.238976 23.238962 23.522081
48.211185 23.211172 23.577662
48.183445 23.183432 23.633142
48.155754 23.155741 23.688522
48.128113 23.128101 23.743803
48.100521 23.100512 23.798985
48.072979 23.072971 23.854065
48.045486 23.045481 23.909048
48.018044 23.018040 23.963932
47.990650 22.990646 24.018717
47.963306 22.963303 24.073402
47.936012 22.936008 24.127991
47.908768 22.908764 24.182482
47.881573 22.881567 24.236876
47.854424 22.854420 24.291170
47.827324 22.827320 24.345369
47.800274 22.800270 24.399471
47.773270 22.773268 24.453476
47.746315 22.746313 24.507385
47.719410 22.719406 24.561197
47.692551 22.692549 24.614914
47.665741 22.665739 24.668535
47.638977 22.638977 24.722061
47.612263 22.612263 24.775492
47.585594 22.585594 24.828827
47.558975 22.558973 24.882069
47.532402 22.532400 24.935215
47.505875 22.505875 24.988268
47.479397 22.479395 25.041225
47.452965 22.452963 25.094090
47.426579 22.426577 25.146860
47.400238 22.400238 25.199537
47.373947 22.373945 25.252123
47.347702 22.347700 25.304615
47.321503 22.321501 25.357014
47.295349 22.295347 25.409321
47.269241 22.269239 25.461536
47.243179 22.243177 25.513660
47.217163 22.217161 25.565693
47.191193 22.191191 25.617634
47.165268 22.165266 25.669483
47.139389 22.139387 25.721241
47.113556 22.113554 25.772909
47.087769 22.087765 25.824486
47.062027 22.062021 25.875973
47.036327 22.036324 25.927370
47.010674 22.010670 25.978678
46.985065 21.985062 26.029896
46.959503 21.959497 26.081024
46.933983 21.933979 26.132063
46.908508 21.908504 26.183012
46.883080 21.883074 26.233873
46.857693 21.857687 26.284645
46.832352 21.832344 26.335329
46.807053 21.807045 26.385925
46.781799 21.781792 26.436434
46.756588 21.756580 26.486855
46.731422 21.731413 26.537188
46.706299 21.706289 26.587435
46.681221 21.681210 26.637594
46.656185 21.656174 26.687666
46.631191 21.631180 26.737652
46.606243 21.606230 26.787552
46.581337 21.581324 26.837366
46.556473 21.556459 26.887094
46.531651 21.531639 26.936737
46.506874 21.506861 26.986294
46.482140 21.482124 27.035765
46.457447 21.457432 27.085152
46.432796 21.432781 27.134453
46.408188 21.408173 27.183670
46.383621 21.383606 27.232801
46.359097 21.359081 27.281849
46.334614 21.334599 27.330812
46.310173 21.310158 27.379692
46.285774 21.285759 27.428488
46.261417 21.261402 27.477201
46.237103 21.237087 27.525831
46.212830 21.212814 27.574377
46.188599 21.188583 27.622841
46.164410 21.164392 27.671223
46.140259 21.140244 27.719521
46.116150 21.116135 27.767736
46.092083 21.092068 27.815870
46.068058 21.068041 27.863922
46.044071 21.044056 27.911894
46.020126 21.020111 27.959784
45.996223 20.996206 28.007591
45.972359 20.972343 28.055319
45.948536 20.948521 28.102964
45.924751 20.924738 28.150530
45.901009 20.900995 28.198015
45.877308 20.877293 28.245420
45.853645 20.853630 28.292746
45.830025 20.830008 28.339991
45.806442 20.806425 28.387156
45.782898 20.782883 28.434240
45.759396 20.759380 28.481247
45.735931 20.735916 28.528173
45.712509 20.712492 28.575022
45.689125 20.689108 28.621792
45.665779 20.665762 28.668482
45.642471 20.642456 28.715094
45.619205 20.619188 28.761627
45.595978 20.595961 28.808083
45.572788 20.572771 28.854462
45.549637 20.549622 28.900763
45.526524 20.526510 28.946985
45.503452 20.503437 28.993132
45.480419 20.480402 29.039200
45.457424 20.457405 29.085192
45.434467 20.434448 29.131107
45.411549 20.411530 29.176947
45.388668 20.388649 29.222710
45.365826 20.365807 29.268396
45.343021 20.343002 29.314007
45.320255 20.320234 29.359541
45.297527 20.297504 29.404999
45.274837 20.274813 29.450382
45.252182 20.252159 29.495689
45.229565 20.229542 29.540922
45.206985 20.206963 29.586081
45.184444 20.184422 29.631165
45.161942 20.161917 29.676172
45.139473 20.139450 29.721106
45.117043 20.117020 29.765965
45.094650 20.094627 29.810751
45.072296 20.072271 29.855463
45.049976 20.049952 29.900101
45.027695 20.027670 29.944666
45.005447 20.005424 29.989157
44.983238 19.983215 30.033575
44.961067 19.961042 30.077919
44.938931 19.938906 30.122190
44.916832 19.916805 30.166389
44.894768 19.894741 30.210516
44.872742 19.872713 30.254570
44.850750 19.850721 30.298552
44.828796 19.828766 30.342461
44.806877 19.806847 30.386299
44.784992 19.784964 30.430065
44.763145 19.763117 30.473761
44.741333 19.741304 30.517384
44.719559 19.719528 30.560936
44.697819 19.697788 30.604418
44.676113 19.676083 30.647829
44.654442 19.654413 30.691168
44.632809 19.632778 30.734436
44.611210 19.611179 30.777636
44.589645 19.589615 30.820765
44.568115 19.568087 30.863823
44.546619 19.546593 30.906811
44.525162 19.525133 30.949730
44.503738 19.503708 30.992579
44.482349 19.482319 31.035358
44.460995 19.460964 31.078068
44.439674 19.439644 31.120708
44.418388 19.418358 31.163280
44.397137 19.397106 31.205784
44.375919 19.375889 31.248219
44.354736 19.354706 31.290585
44.333588 19.333557 31.332882
44.312473 19.312443 31.375111
44.291393 19.291363 31.417273
44.270348 19.270315 31.459366
44.249336 19.249302 31.501392
44.228355 19.228323 31.543350
44.207409 19.207378 31.585241
44.186497 19.186466 31.627066
44.165619 19.165588 31.668821
44.144775 19.144743 31.710510
44.123962 19.123932 31.752132
44.103184 19.103153 31.793688
44.082439 19.082409 31.835178
44.061729 19.061697 31.876602
44.041050 19.041019 31.917959
44.020405 19.020374 31.959249
43.999794 18.999762 32.000473
43.979214 18.979181 32.041634
43.958668 18.958635 32.082726
43.938152 18.938122 32.123753
43.917671 18.917641 32.164715
43.897221 18.897192 32.205612
43.876804 18.876776 32.246445
43.856419 18.856392 32.287212
43.836067 18.836040 32.327915
43.815746 18.815722 32.368553
43.795460 18.795435 32.409126
43.775204 18.775181 32.449635
43.754982 18.754957 32.490082
43.734791 18.734766 32.530464
43.714634 18.714607 32.570782
43.694508 18.694481 32.611034
43.674412 18.674385 32.651226
43.654350 18.654322 32.691353
43.634319 18.634291 32.731415
43.614319 18.614290 32.771416
43.594349 18.594322 32.811352
43.574413 18.574385 32.851227
43.554508 18.554480 32.891037
43.534634 18.534605 32.930786
43.514790 18.514761 32.970474
43.494976 18.494949 33.010098
43.475197 18.475168 33.049660
43.455448 18.455418 33.089161
43.435730 18.435699 33.128597
43.416042 18.416012 33.167973
43.396385 18.396355 33.207287
43.376759 18.376728 33.246540
43.357162 18.357132 33.285732
43.337597 18.337566 33.324863
43.318062 18.318031 33.363934
43.298557 18.298527 33.402943
43.279083 18.279053 33.441891
43.259640 18.259609 33.480778
43.240227 18.240196 33.519604
43.220844 18.220814 33.558369
43.201492 18.201462 33.597073
43.182171 18.182140 33.635715
43.162880 18.162848 33.674301
43.143620 18.143585 33.712826
43.124386 18.124353 33.751289
43.105183 18.105150 33.789696
43.086010 18.085978 33.828041
43.066868 18.066835 33.866325
43.047756 18.047722 33.904552
43.028671 18.028639 33.942719
43.009617 18.009584 33.980827
42.990593 17.990561 34.018875
42.971596 17.971565 34.056866
42.952629 17.952599 34.094799
42.933693 17.933662 34.132671
42.914783 17.914755 34.170486
42.895905 17.895876 34.208244
42.877056 17.877026 34.245945
42.858234 17.858206 34.283585
42.839443 17.839415 34.321167
42.820683 17.820652 34.358692
42.801949 17.801918 34.396160
42.783245 17.783213 34.433571
42.764568 17.764536 34.470924
42.745922 17.745888 34.508221
42.727303 17.727268 34.545460
42.708714 17.708677 34.582642
42.690151 17.690115 34.619766
42.671619 17.671581 34.656834
42.653114 17.653076 34.693844
42.634636 17.634600 34.730797
42.616188 17.616152 34.767693
42.597767 17.597731 34.804535
42.579376 17.579338 34.841320
42.561012 17.560974 34.878048
42.542675 17.542637 34.914722
42.524368 17.524328 34.951340
42.506088 17.506048 34.987900
42.487835 17.487795 35.024406
42.469608 17.469570 35.060856
42.451412 17.451372 35.097252
42.433243 17.433203 35.133591
42.415100 17.415060 35.169876
42.396984 17.396946 35.206104
42.378895 17.378859 35.242279
42.360836 17.360798 35.278400
42.342804 17.342766 35.314465
42.324799 17.324760 35.350475
42.306820 17.306782 35.386433
42.288868 17.288832 35.422333
42.270943 17.270908 35.458179
42.253044 17.253012 35.493973
42.235176 17.235142 35.529713
42.217335 17.217299 35.565399
42.199520 17.199482 35.601032
42.181732 17.181692 35.636612
42.163971 17.163929 35.672138
42.146236 17.146193 35.707611
42.128529 17.128483 35.743031
42.110847 17.110800 35.778397
42.093193 17.093143 35.813709
42.075565 17.075514 35.848969
42.057961 17.057911 35.884174
42.040382 17.040335 35.919327
42.022831 17.022785 35.954426
42.005306 17.005260 35.989475
41.987808 16.987762 36.024471
41.970337 16.970291 36.059414
41.952892 16.952845 36.094307
41.935474 16.935425 36.129147
41.918079 16.918032 36.163933
41.900711 16.900663 36.198669
41.883369 16.883322 36.233353
41.866055 16.866005 36.267986
41.848763 16.848715 36.302567
41.831497 16.831450 36.337097
41.814259 16.814211 36.371574
41.797047 16.796997 36.406002
41.779858 16.779810 36.440376
41.762695 16.762648 36.474701
41.745560 16.745510 36.508976
41.728447 16.728399 36.543198
41.711361 16.711313 36.577370
41.694302 16.694252 36.611492
41.677265 16.677217 36.645561
41.660255 16.660208 36.679581
41.643272 16.643223 36.713551
41.626312 16.626263 36.747471
41.609379 16.609327 36.781342
41.592468 16.592417 36.815163
41.575584 16.575531 36.848934
41.558723 16.558672 36.882652
41.541889 16.541838 36.916321
41.525078 16.525028 36.949940
41.508293 16.508244 36.983509
41.491531 16.491482 37.017033
41.474796 16.474745 37.050507
41.458084 16.458033 37.083931
41.441399 16.441345 37.117306
41.424736 16.424683 37.150631
41.408096 16.408045 37.183907
41.391483 16.391432 37.217133
41.374893 16.374842 37.250313
41.358330 16.358276 37.283443
41.341789 16.341736 37.316525
41.325272 16.325218 37.349560
41.308781 16.308725 37.382545
41.292313 16.292257 37.415482
41.275867 16.275812 37.448372
41.259445 16.259392 37.481213
41.243050 16.242994 37.514008
41.226677 16.226622 37.546753
41.210327 16.210274 37.579449
41.194004 16.193949 37.612099
41.177704 16.177647 37.644703
41.161427 16.161369 37.677258
41.145172 16.145115 37.709766
41.128941 16.128885 37.742226
41.112736 16.112679 37.774639
41.096554 16.096495 37.807007
41.080395 16.080336 37.839325
41.064259 16.064199 37.871597
41.048145 16.048086 37.903824
41.032055 16.031996 37.936005
41.015987 16.015930 37.968136
40.999943 15.999887 38.000221
40.983921 15.983868 38.032261
40.967926 15.967871 38.064255
40.951954 15.951897 38.096203
40.936005 15.935946 38.128105
40.920078 15.920019 38.159962
40.904175 15.904115 38.191772
40.888294 15.888233 38.223537
40.872437 15.872375 38.255257
40.856602 15.856539 38.286930
40.840790 15.840726 38.318558
40.825001 15.824935 38.350140
40.809235 15.809167 38.381676
40.793488 15.793422 38.413166
40.777763 15.777699 38.444611
40.762062 15.761999 38.476009
40.746384 15.746322 38.507366
40.730728 15.730666 38.538677
40.715096 15.715034 38.569942
40.699486 15.699423 38.601162
40.683899 15.683835 38.632339
40.668335 15.668269 38.663471
40.652790 15.652726 38.694557
40.637268 15.637205 38.725601
40.621769 15.621706 38.756599
40.606293 15.606229 38.787552
40.590839 15.590774 38.818462
40.575405 15.575340 38.849327
40.559994 15.559929 38.880150
40.544605 15.544540 38.910927
40.529240 15.529173 38.941662
40.513893 15.513827 38.972351
40.498569 15.498504 39.002998
40.483269 15.483202 39.033600
40.467987 15.467922 39.064159
40.452728 15.452664 39.094677
40.437492 15.437428 39.125149
40.422276 15.422213 39.155579
40.407082 15.407019 39.185966
40.391911 15.391847 39.216309
40.376759 15.376697 39.246609
40.361629 15.361567 39.276867
40.346523 15.346459 39.307083
40.331436 15.331373 39.337257
40.316372 15.316308 39.367386
40.301327 15.301264 39.397472
40.286304 15.286242 39.427517
40.271301 15.271240 39.457520
40.256321 15.256260 39.487480
40.241364 15.241301 39.517399
40.226425 15.226362 39.547276
40.211510 15.211445 39.577110
40.196613 15.196548 39.606903
40.181740 15.181673 39.636654
40.166885 15.166819 39.666363
40.152054 15.151985 39.696030
40.137241 15.137173 39.725655
40.122448 15.122381 39.755238
40.107677 15.107610 39.784779
40.092926 15.092859 39.814278
40.078197 15.078130 39.843739
40.063488 15.063420 39.873158
40.048798 15.048732 39.902534
40.034130 15.034063 39.931870
40.019482 15.019416 39.961166
40.004856 15.004788 39.990421
39.990250 14.990182 40.019634
39.975662 14.975595 40.048805
39.961098 14.961029 40.077938
39.946552 14.946484 40.107029
39.932026 14.931958 40.136082
39.917522 14.917453 40.165092
39.903038 14.902967 40.194061
39.888573 14.888502 40.222992
39.874126 14.874058 40.251881
39.859703 14.859633 40.280731
39.845299 14.845229 40.309540
39.830914 14.830845 40.338310
39.816547 14.816480 40.367039
39.802204 14.802135 40.395729
39.787880 14.787809 40.424377
39.773575 14.773504 40.452988
39.759289 14.759219 40.481560
39.745022 14.744953 40.510090
39.730778 14.730707 40.538582
39.716553 14.716481 40.567036
39.702347 14.702274 40.595448
39.688160 14.688087 40.623821
39.673992 14.673920 40.652157
39.659843 14.659772 40.680454
39.645714 14.645643 40.708710
39.631603 14.631535 40.736927
39.617516 14.617445 40.765106
39.603447 14.603375 40.793247
39.589397 14.589325 40.821350
39.575367 14.575294 40.849411
39.561356 14.561281 40.877434
39.547363 14.547288 40.905418
39.533390 14.533315 40.933365
39.519436 14.519361 40.961273
39.505501 14.505425 40.989143
39.491585 14.491509 41.016975
39.477688 14.477612 41.044769
39.463810 14.463735 41.072525
39.449951 14.449876 41.100243
39.436111 14.436036 41.127922
39.422291 14.422215 41.155563
39.408489 14.408412 41.183167
39.394707 14.394629 41.210735
39.380943 14.380864 41.238266
39.367199 14.367118 41.265759
39.353474 14.353391 41.293213
39.339764 14.339683 41.320629
39.326073 14.325993 41.348007
39.312401 14.312322 41.375351
39.298748 14.298669 41.402657
39.285114 14.285035 41.429924
39.271500 14.271420 41.457153
39.257904 14.257823 41.484348
39.244324 14.244245 41.511505
39.230762 14.230684 41.538624
39.217220 14.217143 41.565708
39.203697 14.203620 41.592754
39.190193 14.190115 41.619762
39.176708 14.176628 41.646736
39.163239 14.163159 41.673672
39.149788 14.149710 41.700573
39.136356 14.136278 41.727436
39.122944 14.122865 41.754265
39.109547 14.109469 41.781055
39.096169 14.096092 41.807812
39.082809 14.082733 41.834530
39.069469 14.069391 41.861214
39.056145 14.056067 41.887859
39.042839 14.042762 41.914471
39.029552 14.029474 41.941048
39.016281 14.016205 41.967587
39.003029 14.002953 41.994091
38.989796 13.989718 42.020557
38.976578 13.976502 42.046989
38.963379 13.963304 42.073387
38.950199 13.950123 42.099747
38.937035 13.936960 42.126072
38.923889 13.923815 42.152363
38.910763 13.910687 42.178619
38.897652 13.897577 42.204838
38.884560 13.884484 42.231022
38.871483 13.871409 42.257172
38.858425 13.858352 42.283287
38.845387 13.845312 42.309368
38.832363 13.832290 42.335415
38.819359 13.819284 42.361423
38.806370 13.806296 42.387398
38.793400 13.793326 42.413338
38.780445 13.780374 42.439243
38.767509 13.767438 42.465115
38.754589 13.754519 42.490952
38.741688 13.741618 42.516754
38.728802 13.728734 42.542522
38.715935 13.715867 42.568256
38.703083 13.703017 42.593956
38.690250 13.690185 42.619621
38.677433 13.677369 42.645252
38.664635 13.664571 42.670849
38.651852 13.651789 42.696411
38.639088 13.639024 42.721939
38.626339 13.626276 42.747437
38.613609 13.613545 42.772900
38.600895 13.600831 42.798328
38.588200 13.588134 42.823723
38.575520 13.575454 42.849083
38.562855 13.562790 42.874409
38.550209 13.550143 42.899704
38.537579 13.537513 42.924965
38.524963 13.524899 42.950191
38.512367 13.512302 42.975384
38.499786 13.499722 43.000546
38.487225 13.487159 43.025673
38.474678 13.474612 43.050766
38.462147 13.462082 43.075825
38.449635 13.449568 43.100853
38.437138 13.437071 43.125847
38.424656 13.424590 43.150810
38.412193 13.412126 43.175739
38.399746 13.399677 43.200634
38.387314 13.387246 43.225498
38.374897 13.374831 43.250328
38.362499 13.362432 43.275127
38.350117 13.350050 43.299892
38.337749 13.337684 43.324627
38.325397 13.325334 43.349327
38.313065 13.313000 43.373997
38.300747 13.300682 43.398632
38.288445 13.288381 43.423237
38.276157 13.276095 43.447807
38.263889 13.263826 43.472347
38.251637 13.251573 43.496853
38.239399 13.239335 43.521328
38.227177 13.227114 43.545773
38.214970 13.214909 43.570183
38.202782 13.202719 43.594563
38.190609 13.190545 43.618908
38.178452 13.178388 43.643223
38.166309 13.166245 43.667507
38.154182 13.154119 43.691761
38.142071 13.142010 43.715981
38.129978 13.129915 43.740170
38.117901 13.117837 43.764328
38.105839 13.105774 43.788452
38.093792 13.093727 43.812546
38.081760 13.081696 43.836609
38.069744 13.069679 43.860641
38.057743 13.057679 43.884644
38.045757 13.045694 43.908611
38.033787 13.033725 43.932549
38.021832 13.021771 43.956455
38.009892 13.009833 43.980331
37.997971 12.997910 44.004177
37.986065 12.986003 44.027992
37.974174 12.974111 44.051777
37.962299 12.962234 44.075531
37.950439 12.950374 44.099255
37.938595 12.938528 44.122948
37.926765 12.926698 44.146610
37.914951 12.914883 44.170242
37.903152 12.903083 44.193844
37.891369 12.891298 44.217415
37.879601 12.879529 44.240955
37.867847 12.867775 44.264465
37.856110 12.856036 44.287945
37.844387 12.844312 44.311394
37.832680 12.832603 44.334812
37.820988 12.820909 44.358200
37.809307 12.809230 44.381557
37.797642 12.797566 44.404884
37.785992 12.785917 44.428181
37.774357 12.774283 44.451450
37.762737 12.762665 44.474689
37.751133 12.751060 44.497898
37.739544 12.739471 44.521076
37.727970 12.727897 44.544224
37.716412 12.716337 44.567345
37.704868 12.704793 44.590435
37.693340 12.693263 44.613495
37.681824 12.681747 44.636524
37.670322 12.670247 44.659527
37.658836 12.658761 44.682499
37.647366 12.647290 44.705441
37.635910 12.635834 44.728352
37.624470 12.624392 44.751236
37.613041 12.612965 44.774090
37.601627 12.601552 44.796913
37.590229 12.590154 44.819710
37.578846 12.578771 44.842476
37.567478 12.567402 44.865215
37.556122 12.556047 44.887924
37.544781 12.544707 44.910603
37.533455 12.533381 44.933254
37.522144 12.522070 44.955875
37.510849 12.510773 44.978470
37.499565 12.499490 45.001034
37.488297 12.488222 45.023571
37.477043 12.476969 45.046078
37.465805 12.465729 45.068558
37.454578 12.454503 45.091007
37.443367 12.443292 45.113430
37.432171 12.432095 45.135822
37.420990 12.420912 45.158188
37.409821 12.409743 45.180527
37.398666 12.398589 45.202835
37.387527 12.387449 45.225117
37.376400 12.376323 45.247368
37.365288 12.365211 45.269592
37.354191 12.354113 45.291790
37.343105 12.343029 45.313957
37.332035 12.331959 45.336098
37.320980 12.320903 45.358212
37.309937 12.309860 45.380295
37.298908 12.298832 45.402351
37.287895 12.287818 45.424381
37.276894 12.276817 45.446381
37.265907 12.265831 45.468353
37.254936 12.254858 45.490299
37.243977 12.243899 45.512218
37.233032 12.232954 45.534107
37.222099 12.222023 45.555969
37.211182 12.211105 45.577805
37.200279 12.200201 45.599613
37.189388 12.189311 45.621395
37.178513 12.178434 45.643147
37.167648 12.167571 45.664871
37.156799 12.156722 45.686569
37.145962 12.145886 45.708241
37.135139 12.135064 45.729885
37.124332 12.124255 45.751503
37.113537 12.113461 45.773094
37.102757 12.102679 45.794659
37.091988 12.091911 45.816196
37.081234 12.081157 45.837708
37.070492 12.070415 45.859188
37.059765 12.059688 45.880642
37.049049 12.048973 45.902069
37.038349 12.038272 45.923470
37.027660 12.027584 45.944843
37.016987 12.016910 45.966190
37.006325 12.006248 45.987511
36.995678 11.995601 46.008808
36.985043 11.984966 46.030079
36.974422 11.974345 46.051323
36.963814 11.963737 46.072540
36.953220